0.0
0.003955572721399574
0.00678734457414372
0.008650745090609561
0.00966035953656898
0.01077836659156984
0.018746757181550555
0.019759491012816693
0.022186963947956835
0.025981823398824797
0.02728195939919462
0.028192555213542456
0.029356690951762375
0.03093498193310406
0.03183337877811137
0.03188738868013219
0.031958770238961626
0.03198901180636168
0.03210905311051308
0.032161561772623457
0.03315860671150519
0.033502507556692075
0.033881668194311626
0.03419155118862765
0.034380091088837564
0.034613059725339825
0.034636143194868727
0.03504454902523069
0.035304893604419636
0.0353672045833129
0.03543771104128721
0.03596740001055951
0.03596872139477068
0.03617667660725374
0.0362929788073669
0.03663381291596325
0.03674507329194216
0.03677187488751963
0.03692086695200517
0.036946885275785296
0.036957633174876686
0.036976129148266756
0.03702786877737461
0.03703085345773446
0.037043584984536825
0.03704634192149387
0.03710964291605411
0.0371245808785509
0.03712739950295238
0.03716596053657968
0.03721985411427881
0.0372225536411283
0.03731222812323872
0.03737602978769488
0.03738156988765606
0.037392319575198646
0.03744753957464665
0.03748418169276852
0.037532194122355436
0.037562247398608924
0.037612414031801426
0.03783339811322151
0.037840427485586706
0.03790051492944018
0.037908171403894075
0.037919180442470786
0.03791972418054952
0.038090348512020165
0.038217450264535435
0.03874281953935947
0.03899307791579151
0.039270932533580924
0.03963822815789209
0.04010310198978376
0.040489649283916435
0.04052089981063494
0.040606136764828646
0.040656914682191146
0.0407199370637139
0.0407479099548455
0.04081513919600369
0.04086891415512888
0.040903808429982105
0.040923642122950306
0.04093884892931645
0.04094025073569038
0.04102501134516992
0.041060445858628565
0.04107091718776142
0.04113871643161717
0.04118873311597135
0.041277356962735455
0.041287696988122576
0.041288720046089904
0.041357963587494155
0.041474839155817254
0.04153301380132454
0.04153915037818911
0.041547009361635655
0.04162283294931031
0.04164390906182944
0.04166026645235934
0.04175127112300175
0.04182163423576079
0.041970269737676626
0.04205036438143108
0.04206881008252028
0.04208385783912133
0.04228986429893442
0.042671024573194584
0.04287700354085841
0.04290277444222321
0.04308479672413011
0.04337958956943901
0.04343125910669725
0.043466180098609995
0.043722961162813496
0.043972793162790805
0.044051961976250636
0.044059407938919715
0.044095535236542624
0.04410853974290746
0.04417320141151622
0.044185808280185014
0.04423166550958435
0.04428376513799672
0.04449125968269216
0.04453151023791039
0.04459467774865377
0.044659214271006505
0.044788090126702255
0.04495219610511575
0.04504210298246138
0.04508683914994368
0.045153690608191285
0.04551792382591286
0.0458186441449295
0.045935917290116944
0.04594201748363705
0.04612415119786234
0.04630017930787024
0.0464792381560142
0.046684181746430416
0.04678086694591612
0.04678663273120968
0.04684053834309236
0.047764554997748995
0.04781666399674424
0.047898771077754226
0.04812455381769471
0.048232631698708554
0.04825130120759996
0.048349998386385186
0.04841589172835729
0.04851550097806788
0.048746346148835246
0.04895888053591934
0.04902048213760446
0.049021025138418016
0.0490728574254071
0.04911821809116313
0.04951341612937576
0.04966549329179475
0.05009344928095172
0.050340009912891226
0.05036485671729413
0.05070617980968314
0.05098787279824598
0.05132093444955116
0.05162867542415358
0.05182203628347504
0.052009845924577164
0.05280521965130462
0.05292261401932726
0.052968301902291896
0.05331981391839941
0.05394406072265056
0.05398069591926499
0.05410625837358227
0.05427790451728378
0.05428550986530586
0.05431940096186085
0.05452210892075472
0.054886875180347065
0.05498048316885664
0.054992212031317926
0.05501583340087552
0.055033571407508135
0.05518258800109885
0.05518674235173302
0.055339220791846055
0.05554921693642454
0.05567809091946104
0.05579283857616796
0.055858350676221934
0.055978009934689
0.05605840049784503
0.05636785867853882
0.056383527256344976
0.05651942200608892
0.056588186257471786
0.05722221040134773
0.05725520390891275
0.05735762821239024
0.05751721362259986
0.057540564626306676
0.057612775016849506
0.05769373638415596
0.058417388180720106
0.058442258848943524
0.05896900115794105
0.05908515321767446
0.05931088048853824
0.05931420505240915
0.05936881929083957
0.0594274747244673
0.05954490257930452
0.059563206899108705
0.05970929193654537
0.05999106547844306
0.060297757709863696
0.06031385750219255
0.06052269396119881
0.06059076185834917
0.06062206745471455
0.06079035573902117
0.060795308853854625
0.06083193618942837
0.06083671065003919
0.060874767771893865
0.0609065924299232
0.060910388343397515
0.06122135717418172
0.06173163631209252
0.06190663995101909
0.06209128243311086
0.06230241666211225
0.06262139320747077
0.06267572150366058
0.06271519543249221
0.06275092860421941
0.06276731381433204
0.06297747527525002
0.06315975970407775
0.06336038848027659
0.06345013786427539
0.06369603158583931
0.06402024878404365
0.06402630189863184
0.06444364273024103
0.06480447117565308
0.06489260088949604
0.06534224963600645
0.06536704394626344
0.06585977842559032
0.06604594041348179
0.06657520222153511
0.0666075462725317
0.06674091943266715
0.06680413358808676
0.06684627716277435
0.06699618828149292
0.06723311273341279
0.06723706091545711
0.06740675825065352
0.06748303126854736
0.06755149750908632
0.06766112751847075
0.06768164282028272
0.06797454301135415
0.06862864779333004
0.06874376411006293
0.0687758940650309
0.06888732632709259
0.06889853893004012
0.0690158130181854
0.06937912520027022
0.06948368808267523
0.0696382881922151
0.0698278767951857
0.06989808948019613
0.07004886108565592
0.07015498946957054
0.07046797258419926
0.07054250792520629
0.07059606743376097
0.07082328082972572
0.0709042884484187
0.07114251891688278
0.07140289102084514
0.07144171592940841
0.07144323767870743
0.07150979387715974
0.07172695845814615
0.07174102109345801
0.071877650811791
0.07210059042988189
0.07226766072290908
0.07230046193697753
0.07231204935037593
0.07242605508854384
0.0725559484775433
0.07260881156486813
0.07297494198979738
0.07299175345725217
0.0729953855105266
0.07302581218435317
0.0731859992907219
0.0732363732427053
0.07324159556201167
0.07334690808053354
0.07347646513725895
0.07386329258023083
0.07392531419739044
0.07420028343073437
0.07427539964872906
0.07434059642507843
0.07439531556821537
0.0746768207540486
0.07468848798663585
0.07501150071125597
0.07501327134049138
0.07509763033014952
0.07511025633110602
0.07514689936671864
0.07520787276733959
0.07524882082647939
0.07533072236508259
0.0754021719840214
0.07544590042125858
0.07560049120136014
0.0756509509096899
0.07571186454179094
0.07590016795132515
0.07592610132591779
0.07599335801374213
0.07601514108043872
0.07601913217048575
0.07603424558668823
0.07617786013320837
0.07649354609881119
0.07663769445953987
0.07680729891739645
0.0768206016345968
0.07705899271238546
0.07706225938159861
0.07707171258959628
0.07720248402936808
0.07723277359568022
0.07725086430773538
0.07728059156642525
0.07760996463567452
0.07803656450702619
0.0781808467718883
0.07831617483586743
0.07835974492547652
0.07837918039647215
0.07878921596257993
0.07894179362700698
0.07903304486157402
0.07904424032205769
0.07907048186414392
0.07908537090863688
0.07922462420754532
0.07926443600688593
0.07928473835935902
0.07928984201927333
0.0793137437380145
0.07934679998949855
0.07934848602919385
0.0793782519290577
0.07940003251182252
0.07940300603747802
0.07941192563190458
0.0794220348902971
0.07942690835948944
0.07945586304622355
0.07949036650683143
0.07951543920167388
0.07954298254938941
0.07954337848931893
0.0795547924239859
0.07957954346762189
0.07958695407895511
0.07959048646478417
0.07959485337751826
0.07960286388970197
0.07965471643073624
0.0796748572238722
0.07968297173180568
0.07970641556792483
0.07979996739380536
0.0798028834511105
0.07985045479320035
0.07989866907230507
0.0800164494520392
0.08002902295401469
0.08045277374852063
0.0805370051964616
0.08055393948422028
0.0805787546087702
0.08059098426084278
0.08059458864662397
0.08063082213926354
0.08070646639118977
0.08071842273516935
0.08076553240738396
0.08092903479395405
0.08112181671299558
0.081246795849085
0.08133840956111517
0.0815091384308907
0.08158925506651384
0.08162686029786
0.08163654418331197
0.0816401929789682
0.08165625502614593
0.081702196063152
0.08171232621928516
0.08173345220763717
0.08181752717019218
0.08184004821231054
0.0818456472465651
0.08186093403357868
0.08192163742658451
0.08199152569953233
0.08200319967181754
0.08203841939413319
0.08204132553024514
0.08218158072050924
0.08219048930533851
0.08219843581731782
0.08235697555558336
0.08237477502448264
0.08237859616394184
0.08238916839912148
0.08240484036059269
0.08242730646456906
0.08243797655290837
0.08248009666147188
0.08250793755744988
0.08252413819548253
0.08252476370075784
0.08253689246513256
0.0825524191741365
0.08259413849448764
0.082599163658419
0.08284463289563034
0.08290298378652407
0.08290898455483531
0.08300525126303315
0.08301786084834728
0.08317289273569048
0.08326982059172935
0.08341446574036639
0.08343051893747513
0.08344835333094178
0.08345555129317735
0.08348065263885611
0.08365677079536214
0.08365781802773273
0.08382940409748339
0.08386894651949077
0.08389130981698088
0.08398314707686091
0.08399314159354243
0.0839957032189736
0.08401215876150564
0.08409496078671153
0.08410497825996938
0.08410613684855656
0.08415927427045755
0.08419035056113894
0.0842204486025359
0.08426802361088062
0.08428244011678324
0.0843148408321745
0.0843605925361561
0.0843887482747825
0.08439325623896832
0.08450474976619236
0.08453785213731052
0.08458018424668455
0.08460811875519167
0.08463207587255568
0.08471924097208007
0.08474244728457545
0.08477740738495677
0.08479453228856347
0.08480542192681081
0.08484560932440724
0.08495464076320798
0.08498906647117191
0.0850405022038964
0.08507244685375812
0.08522994999999457
0.08537848138296178
0.08548324620645893
0.08548664609232269
0.08553088057196132
0.08561371769090728
0.08562135090154636
0.08576878022994042
0.08577732292205385
0.0858030750379896
0.08586172897311649
0.08591756208468022
0.08598330849629866
0.08600615970296034
0.08604044615763015
0.0861299731590406
0.08613316176685931
0.08620978243714485
0.08621053864252597
0.086227916124156
0.08637106155165422
0.08638714727497922
0.08639515102082052
0.08644974980466842
0.08647636781587495
0.08650220199892476
0.0865414214017035
0.08657745393756171
0.08658336634467735
0.0865942289163332
0.08659906795369186
0.08660398284909426
0.08660613034071579
0.08674406629503757
0.08674642770359602
0.08677851661122653
0.08678210566703169
0.08678965674371546
0.08679006754210071
0.08681173436185671
0.08681865288857431
0.08681880316306492
0.08681924027876416
0.0868264796498335
0.08683625230032235
0.0868504514271335
0.086867580030929
0.0868714345873408
0.08690375422030629
0.0869292293597551
0.08694664499212561
0.08695377696311067
0.08695652280364508
0.08696641796678148
0.0869701892726768
0.0870047610271338
0.08707676873161753
0.0870955396167088
0.08709912958958439
0.08710075849862793
0.08711069972043557
0.08712019087453976
0.0871323710704298
0.08713865793210777
0.08714210576207838
0.08714292157471852
0.08715330261976341
0.08715762208866526
0.08717050191948812
0.08717511833874098
0.08720849621515177
0.08721285782303526
0.0872261672812965
0.08725909193969467
0.08727419927534659
0.08730489134398377
0.08731732651037771
0.08732752220180919
0.0873711558346181
0.08738402210940964
0.08739099678780846
0.08744172284048463
0.087467631178991
0.0875062262945557
0.08751003047179128
0.08752926046976947
0.08754602223263855
0.08762303652517536
0.08762635402586581
0.08762676674956965
0.08763869769679618
0.08764558227694677
0.0876516788468451
0.08777786571696372
0.08778938970666594
0.08781287580019026
0.08783419141335222
0.08785845550917552
0.08788707400549846
0.08792950715343946
0.08799686491916488
0.08803087179150094
0.0880353958427082
0.088045753116015
0.0880880142855237
0.08809171024654139
0.08809803793602841
0.08822038980197582
0.08823192647624704
0.08823645704755198
0.0882753085187573
0.0883198399597172
0.08836788324826052
0.08847931703235881
0.08853081060392798
0.08853896205789837
0.08858312950871358
0.08858436851067643
0.08864940238221435
0.08867558051595072
0.08875850252180988
0.08877137481965446
0.0888018496987483
0.0888465187084434
0.08887619619827913
0.08889913630630922
0.08890835824034087
0.08893858643148024
0.08905928632273027
0.08908494708911578
0.08913736029535822
0.08919223235398671
0.08929276299924299
0.08963486532876966
0.0897483963282366
0.08978865970085785
0.09011552304231615
0.09023120893878718
0.09023269452990756
0.09024420934804936
0.09025723636332438
0.09070539463200748
0.09081748562479043
0.09098806793718449
0.09103179775898565
0.09125164031314022
0.09126081184912505
0.09156125116573746
0.09156475445485163
0.0917515356929695
0.09184762790478615
0.09210913928532821
0.09215716693975601
0.09229707816473459
0.09256410570610654
0.09277346110569228
0.09278470959566557
0.09295368431262023
0.0929622573460546
0.0930225480115613
0.0932227852969878
0.09344226161968318
0.09363644770556608
0.09368696297572016
0.09386284786502966
0.09423717621901556
0.09434500579207651
0.09434724746102927
0.09437385220878901
0.09444098852392517
0.09454361006897286
0.09456928947465906
0.09472253983317935
0.09510795299518165
0.0952176613782314
0.0952682885329728
0.09565276239176221
0.09742761809062965
0.09755554262938015
0.09758555548670297
0.09991178849075863
0.10046060959357088
0.10059616643173853
0.10070247861866964
0.10079298145801419
0.10536997765871485
0.10835904808528161
0.1095342138491252
0.11231231356235627
0.11741298707781646
0.11955077361727748
0.11986951369473965
0.12110801606403136
0.12166827131399768
0.12260417519289928
0.12272916360861584
0.12319944049181426
0.12489179178555879
0.12542029893427623
0.1256318457946272
0.12598173303643406
0.12654605570601415
0.12687211444700947
0.12812704310307213
0.1281683631839282
0.1282712403312523
0.12839559618432414
0.12841368329727215
0.12841822588657203
0.12845987818875104
0.128649935656309
0.128825232103928
0.1289004936219681
0.12893943833956717
0.12938809984334268
0.12955430195197604
0.12979838619943243
0.1299029643244463
0.1299322990391602
0.13009146954635314
0.13049656187270076
0.13147705009121938
0.13171904802596315
0.13188422490341115
0.13204134014149746
0.13255477310434724
0.13274942218107108
0.133342136876306
0.1334578598237955
0.13350750897571323
0.1338602965505514
0.1339352516259955
0.13398305348376416
0.13435046713705018
0.13463431734630515
0.1347615631760747
0.13483591477033452
0.13490809245741509
0.1356195303556846
0.13602993330171015
0.1365096283649344
0.136932818492833
0.13708512425882355
0.1370909574093915
0.13755204639128465
0.13756864534270297
0.13780863946249702
0.13794758124224554
0.13803624997839573
0.1380987436306283
0.1381266476112914
0.1393863887881712
0.13956414359945488
0.13959322460575654
0.13969364537388654
0.13991354740054054
0.1399802496025324
0.13998147566137573
0.14002672903890948
0.1400460575644859
0.14020447157851862
0.14023142999817556
0.14025413625036315
0.1402791963417514
0.14028582270356554
0.1403131693046992
0.14033138906663145
0.14039580077920757
0.1404025360671138
0.1404048182768865
0.14041329368817698
0.14041630005292977
0.1405084814847625
0.14052490460684447
0.14052774976609606
0.14053808446474228
0.1405651828346303
0.14057398582489322
0.14059319986157226
0.14066640687519402
0.14072668035479052
0.1407797490009233
0.14084919376064434
0.14085160870656768
0.14087965768844504
0.1408841368947388
0.14089983702564804
0.14091402913312873
0.140919565960938
0.14098131970763694
0.14098280320903583
0.14098297352808162
0.1409952592354099
0.14100094149218143
0.1411140859737818
0.1411502093039504
0.14117030894225838
0.14125088403610908
0.14127415312115713
0.14131883264854495
0.14133394037721453
0.1413368817582695
0.14138558830678502
0.14139463896217921
0.14149731196674215
0.14162555321873616
0.14165130954576355
0.14172131868569465
0.1418110399749278
0.14181239440807164
0.14187892304065128
0.14197392446938936
0.14207338560731325
0.14209827688566418
0.1421172510922388
0.14220062351924173
0.14224992595752609
0.14257681202499017
0.1428606362652318
0.14320720837447398
0.14325801318230802
0.1434681883202928
0.14390918460941807
0.14413144290754587
0.14479995264529016
0.14515883988784353
0.14526410833726036
0.14544939165390844
0.1456113682093338
0.14584134505558502
0.14672186369746332
0.14719143139811483
0.14726910408466407
0.14974525277634176
0.15166807078412625
0.1521492010689863
0.1522687292579499
0.15244108385303148
0.15250160378724673
0.15516873814318521
0.15654026819561223
0.15665414493898755
0.15842919217097362
0.1588609480597109
0.1597405560229436
0.15983900868015372
0.16013099667805772
0.1607111929179394
0.162025318782046
0.1632231634542586
0.16385259125830307
0.1647355958153051
0.16496973431254092
0.1670985123419262
0.16760025825159627
0.16810434999192705
0.16830790839324916
0.16854281731572585
0.16871125834247938
0.16897432727897094
0.16968530518495506
0.16993520680300764
0.1720433281937815
0.1722828487942098
0.1727578476797697
0.17292436248584261
0.17385105076050036
0.17403518111646227
0.1761004347779731
0.17654734360188182
0.17674734214190888
0.17689387610488194
0.1769039661877303
0.17694574384196263
0.17776682410106653
0.17795832502520992
0.17801002260137685
0.1784036500936726
0.17859044044425013
0.17877374095463017
0.1788220030127069
0.17884181840842678
0.17889799663341313
0.1789044538316495
0.17890638151121405
0.17891377195466945
0.179014334831954
0.17913679715211153
0.17914566449430225
0.1793242569333442
0.1793418170289805
0.17934226429914604
0.17941442610647698
0.17941443383505248
0.17953032042566847
0.17965580837808406
0.17976954280844978
0.17979254435216757
0.1798683796885015
0.17988115966925958
0.17991067453113388
0.18014472781243251
0.18014616588082302
0.18024178301211677
0.18028824723402312
0.18034564836868355
0.18040292179137019
0.18177748065881497
0.1838614787660754
0.1846370091111384
0.18515736263223614
0.18543174270814355
0.18568068483104266
0.18886582996304643
0.19233940744364644
0.19239102397151656
0.19349700834248623
0.19771208878987676
0.19790273051803822
0.19809345399746922
0.1984675416380159
0.19857048544251704
0.19967544109050267
0.20041694479564656
0.20321833102425715
0.2048229579929864
0.2067764507440803
0.20721082489378861
0.2081906477539821
0.20852977587469457
0.2089996640022768
0.20907228499516034
0.20908830084408764
0.20912268889157637
0.2091494422135784
0.20935038662298547
0.2093805482492421
0.20944544560244246
0.20957694452422254
0.20972343747390945
0.20976175246997927
0.2098621595968651
0.20988846719503723
0.20995261009905197
0.2100268436735054
0.21022562542903414
0.21027694448683923
0.2103535641818865
0.21047068046495224
0.21048830173064342
0.2139692353205813
0.21411363971431863
0.21637616526897055
0.21675717447584367
0.22247790075269408
0.22260355472889615
0.2226944358724471
0.22270794628662288
0.22344055047296016
0.2235459850338756
0.2239126553369072
0.22486961187437784
0.22578129460910165
0.23018624445400435
0.23087552042240142
0.2317370421249605
0.23182947223234138
0.23195318966329748
0.23306632534641356
0.23357046594373568
0.23363672278539155
0.23373089787362553
0.23376232616886497
0.23383036758795986
0.23390939031347643
0.23400543337222343
0.23405276652715287
0.23420312832603013
0.23434002813663793
0.2344314341746926
0.2347596188932783
0.24172540127513809
0.24229051199199572
0.2440077084571521
0.24415333929959934
0.24472345359670636
0.24513846066498335
0.25194444679739425
0.25285494621520577
0.25321817662740215
0.2542639308297995
0.2543624977825395
0.25457369239793864
0.25486602226710703
0.2551282582293256
0.25528755203927017
0.2553475490480475
0.26159398796055144
0.2623788951031167
0.2666421031096337
0.26963813061015945
0.2696677119702944
0.2710658956114169
0.2717177316069471
0.2726031488234911
0.27260438240237556
0.2728137577115384
0.273113824467472
0.27318226154709435
0.2734201932528345
0.27398471134567587
0.2765441602665154
0.2779123805186486
0.27866064063460394
0.27879831999789245
0.2788878836909699
0.280262667393702
0.28833414629127496
0.2884104040259152
0.288793603557246
0.2891800852788104
0.2892697941030097
0.28987302978573726
0.29023409998248273
0.29031958157485327
0.29300220647663644
0.29314465272098783
0.2933775824695351
0.2943657219344253
0.2951399176536582
0.3026253458108191
0.30292448520351833
0.30306366920777905
0.30352517177069943
0.3036969998819258
0.3045254558992633
0.3061079932939168
0.30612402298332014
0.30627210943950833
0.30659583874081353
0.3068298869023542
0.3088338548515565
0.3107904069645255
0.31108238865234406
0.31533409058634465
0.31591825639382054
0.3171218768686282
0.3184839118347106
0.32764991814314176
0.32870089401457475
0.33173648736260347
0.3325815801529973
0.33294246017419543
0.3332333712245955
0.3339784587245485
0.3343557031462719
0.33752752017736964
0.337747662516816
0.34081394571901796
0.34183771364722804
0.3478713588067617
0.3524952192873729
0.3555752196106642
0.3564995104818765
0.35924549158911573
0.36361877927363784
0.3639280955854905
0.36485551058079846
0.36541635242213805
0.36766971471999776
0.37296981025082515
0.37320748022635075
0.37406746115399936
0.37604930777378986
0.3778839857777092
0.3807013148952545
0.3811054404334108
0.38112750274582435
0.38587279096691823
0.3882964427175636
0.3908168288371333
0.4002625092760719
0.40402817938852864
0.4040366817702617
0.4101068019820631
0.4120552923195873
0.41510583009112356
0.4176640649667527
0.42661383615893095
0.4283103860727296
0.4285594566862657
0.43988986851429884
0.44032301902432364
0.4454970664131308
0.446128972283663
0.44703867150592
0.4541136120167707
0.46088871893285516
0.46894554560806884
0.4695045803261451
0.4838693011674724
0.4945720819168714
0.5048599957665303
0.5263224334013828
0.5304118792570603
0.533543524447229
0.538795455774206
0.5448042789237589
0.547504670314693
0.5629265472183488
0.5637874553195446
0.565499844079851
0.5716802891606413
0.583310079728004
0.5970848844470895
0.6085082209653775
0.6433601141534627
0.6578150981947396
0.6629198399842497
0.6811683383440986
0.6881019261365571
0.6957665629994637
0.7041247162857843
0.7144841434715263
0.7147317860440822
0.7364642291459269
0.8088083356874272
0.8103511857383142
0.837247564741356
0.8434657451407415
0.8967339841704205
0.9584599882980712
0.9675092548809958
1.0
